#reader(lib"read.ss""wxme")WXME0108 ## 
#|
   This file uses the GRacket editor format.
   Open this file in DrRacket version 5.3.1 or later to read it.

   Most likely, it was created by saving a program in DrRacket,
   and it probably contains a program with non-text elements
   (such as images or comment boxes).

            http://racket-lang.org/
|#
 29 7 #"wxtext\0"
3 1 6 #"wxtab\0"
1 1 8 #"wximage\0"
2 0 8 #"wxmedia\0"
4 1 34 #"(lib \"syntax-browser.ss\" \"mrlib\")\0"
1 0 16 #"drscheme:number\0"
3 0 44 #"(lib \"number-snip.ss\" \"drscheme\" \"private\")\0"
1 0 36 #"(lib \"comment-snip.ss\" \"framework\")\0"
1 0 93
(
 #"((lib \"collapsed-snipclass.ss\" \"framework\") (lib \"collapsed-sni"
 #"pclass-wxme.ss\" \"framework\"))\0"
) 0 0 43 #"(lib \"collapsed-snipclass.ss\" \"framework\")\0"
0 0 19 #"drscheme:sexp-snip\0"
0 0 36 #"(lib \"cache-image-snip.ss\" \"mrlib\")\0"
1 0 68
(
 #"((lib \"image-core.ss\" \"mrlib\") (lib \"image-core-wxme.rkt\" \"mr"
 #"lib\"))\0"
) 1 0 29 #"drscheme:bindings-snipclass%\0"
1 0 88
(
 #"((lib \"pict-snip.rkt\" \"drracket\" \"private\") (lib \"pict-snip.r"
 #"kt\" \"drracket\" \"private\"))\0"
) 0 0 33 #"(lib \"bullet-snip.ss\" \"browser\")\0"
0 0 25 #"(lib \"matrix.ss\" \"htdp\")\0"
1 0 22 #"drscheme:lambda-snip%\0"
1 0 57
#"(lib \"hrule-snip.rkt\" \"macro-debugger\" \"syntax-browser\")\0"
1 0 26 #"drscheme:pict-value-snip%\0"
0 0 45 #"(lib \"image-snipr.ss\" \"slideshow\" \"private\")\0"
1 0 38 #"(lib \"pict-snipclass.ss\" \"slideshow\")\0"
2 0 55 #"(lib \"vertical-separator-snip.ss\" \"stepper\" \"private\")\0"
1 0 18 #"drscheme:xml-snip\0"
1 0 31 #"(lib \"xml-snipclass.ss\" \"xml\")\0"
1 0 21 #"drscheme:scheme-snip\0"
2 0 34 #"(lib \"scheme-snipclass.ss\" \"xml\")\0"
1 0 10 #"text-box%\0"
1 0 32 #"(lib \"text-snipclass.ss\" \"xml\")\0"
1 0 1 6 #"wxloc\0"
          0 0 55 0 1 #"\0"
0 75 1 #"\0"
0 12 90 -1 90 -1 3 -1 0 1 0 1 0 0 0 0 0 0 0 0 0 0 0 255 255 255 1 -1 0 9
#"Standard\0"
0 75 10 #"Monospace\0"
0 12 90 -1 90 -1 3 -1 0 1 0 1 0 0 0 0 0 0 0 0 0 0 0 255 255 255 1 -1 2 1
#"\0"
0 -1 1 #"\0"
1 0 -1 -1 -1 -1 -1 -1 0 0 0 0 0 0 1 1 1 1 1 1 0 0 0 0 0 0 -1 -1 2 24
#"framework:default-color\0"
0 -1 1 #"\0"
1 0 -1 -1 -1 -1 -1 -1 0 0 0 0 0 0 0 0 0 1 1 1 0 0 0 0 0 0 -1 -1 2 1
#"\0"
0 -1 1 #"\0"
1 0 -1 -1 -1 -1 -1 -1 0 0 0 0 0 0 0 0 0 1 1 1 150 0 150 0 0 0 -1 -1 2 15
#"text:ports out\0"
0 -1 1 #"\0"
1 0 -1 -1 -1 -1 -1 -1 0 0 0 0 0 0 0 0 0 1 1 1 150 0 150 0 0 0 -1 -1 2 1
#"\0"
0 -1 1 #"\0"
1.0 0 -1 -1 93 -1 -1 -1 0 0 0 0 0 0 0 0 0 1.0 1.0 1.0 255 0 0 0 0 0 -1
-1 2 15 #"text:ports err\0"
0 -1 1 #"\0"
1.0 0 -1 -1 93 -1 -1 -1 0 0 0 0 0 0 0 0 0 1.0 1.0 1.0 255 0 0 0 0 0 -1
-1 2 1 #"\0"
0 -1 1 #"\0"
1 0 -1 -1 -1 -1 -1 -1 0 0 0 0 0 0 0 0 0 1 1 1 0 0 175 0 0 0 -1 -1 2 17
#"text:ports value\0"
0 -1 1 #"\0"
1 0 -1 -1 -1 -1 -1 -1 0 0 0 0 0 0 0 0 0 1 1 1 0 0 175 0 0 0 -1 -1 2 1
#"\0"
0 -1 1 #"\0"
1.0 0 92 -1 -1 -1 -1 -1 0 0 0 0 0 0 0 0 0 1.0 1.0 1.0 34 139 34 0 0 0 -1
-1 2 27 #"Matching Parenthesis Style\0"
0 -1 1 #"\0"
1.0 0 92 -1 -1 -1 -1 -1 0 0 0 0 0 0 0 0 0 1.0 1.0 1.0 34 139 34 0 0 0 -1
-1 2 1 #"\0"
0 -1 1 #"\0"
1 0 -1 -1 -1 -1 -1 -1 0 0 0 0 0 0 0 0 0 1 1 1 38 38 128 0 0 0 -1 -1 2 37
#"framework:syntax-color:scheme:symbol\0"
0 -1 1 #"\0"
1 0 -1 -1 -1 -1 -1 -1 0 0 0 0 0 0 0 0 0 1 1 1 38 38 128 0 0 0 -1 -1 2 38
#"framework:syntax-color:scheme:keyword\0"
0 -1 1 #"\0"
1 0 -1 -1 -1 -1 -1 -1 0 0 0 0 0 0 0 0 0 1 1 1 38 38 128 0 0 0 -1 -1 2 1
#"\0"
0 -1 1 #"\0"
1 0 -1 -1 -1 -1 -1 -1 0 0 0 0 0 0 0 0 0 1 1 1 194 116 31 0 0 0 -1 -1 2
38 #"framework:syntax-color:scheme:comment\0"
0 -1 1 #"\0"
1 0 -1 -1 -1 -1 -1 -1 0 0 0 0 0 0 0 0 0 1 1 1 194 116 31 0 0 0 -1 -1 2 1
#"\0"
0 -1 1 #"\0"
1 0 -1 -1 -1 -1 -1 -1 0 0 0 0 0 0 0 0 0 1 1 1 41 128 38 0 0 0 -1 -1 2 37
#"framework:syntax-color:scheme:string\0"
0 -1 1 #"\0"
1 0 -1 -1 -1 -1 -1 -1 0 0 0 0 0 0 0 0 0 1 1 1 41 128 38 0 0 0 -1 -1 2 39
#"framework:syntax-color:scheme:constant\0"
0 -1 1 #"\0"
1 0 -1 -1 -1 -1 -1 -1 0 0 0 0 0 0 0 0 0 1 1 1 41 128 38 0 0 0 -1 -1 2 1
#"\0"
0 -1 1 #"\0"
1 0 -1 -1 -1 -1 -1 -1 0 0 0 0 0 0 0 0 0 1 1 1 132 60 36 0 0 0 -1 -1 2 42
#"framework:syntax-color:scheme:parenthesis\0"
0 -1 1 #"\0"
1 0 -1 -1 -1 -1 -1 -1 0 0 0 0 0 0 0 0 0 1 1 1 132 60 36 0 0 0 -1 -1 2 1
#"\0"
0 -1 1 #"\0"
1 0 -1 -1 -1 -1 -1 -1 0 0 0 0 0 0 0 0 0 1 1 1 255 0 0 0 0 0 -1 -1 2 36
#"framework:syntax-color:scheme:error\0"
0 -1 1 #"\0"
1 0 -1 -1 -1 -1 -1 -1 0 0 0 0 0 0 0 0 0 1 1 1 255 0 0 0 0 0 -1 -1 2 1
#"\0"
0 -1 1 #"\0"
1 0 -1 -1 -1 -1 -1 -1 0 0 0 0 0 0 0 0 0 1 1 1 0 0 0 0 0 0 -1 -1 2 36
#"framework:syntax-color:scheme:other\0"
0 -1 1 #"\0"
1 0 -1 -1 -1 -1 -1 -1 0 0 0 0 0 0 0 0 0 1 1 1 0 0 0 0 0 0 -1 -1 2 1
#"\0"
0 -1 1 #"\0"
1 0 -1 -1 -1 -1 -1 -1 0 0 0 0 0 0 0 0 0 1 1 1 81 112 203 0 0 0 -1 -1 2
38 #"drracket:check-syntax:lexically-bound\0"
0 -1 1 #"\0"
1 0 -1 -1 -1 -1 -1 -1 0 0 0 0 0 0 0 0 0 1 1 1 81 112 203 0 0 0 -1 -1 2 1
#"\0"
0 -1 1 #"\0"
1 0 -1 -1 -1 -1 -1 -1 0 0 0 0 0 0 0 0 0 1 1 1 178 34 34 0 0 0 -1 -1 2 28
#"drracket:check-syntax:set!d\0"
0 -1 1 #"\0"
1 0 -1 -1 -1 -1 -1 -1 0 0 0 0 0 0 0 0 0 1 1 1 178 34 34 0 0 0 -1 -1 2 37
#"drracket:check-syntax:unused-require\0"
0 -1 1 #"\0"
1 0 -1 -1 -1 -1 -1 -1 0 0 0 0 0 0 0 0 0 1 1 1 255 0 0 0 0 0 -1 -1 2 36
#"drracket:check-syntax:free-variable\0"
0 -1 1 #"\0"
1 0 -1 -1 -1 -1 -1 -1 0 0 0 0 0 0 0 0 0 1 1 1 255 0 0 0 0 0 -1 -1 2 1
#"\0"
0 -1 1 #"\0"
1 0 -1 -1 -1 -1 -1 -1 0 0 0 0 0 0 0 0 0 1 1 1 68 0 203 0 0 0 -1 -1 2 31
#"drracket:check-syntax:imported\0"
0 -1 1 #"\0"
1 0 -1 -1 -1 -1 -1 -1 0 0 0 0 0 0 0 0 0 1 1 1 68 0 203 0 0 0 -1 -1 2 47
#"drracket:check-syntax:my-obligation-style-pref\0"
0 -1 1 #"\0"
1 0 -1 -1 -1 -1 -1 -1 0 0 0 0 0 0 0 0 0 1 1 1 178 34 34 0 0 0 -1 -1 2 1
#"\0"
0 -1 1 #"\0"
1 0 -1 -1 -1 -1 -1 -1 0 0 0 0 0 0 0 0 0 1 1 1 0 116 0 0 0 0 -1 -1 2 50
#"drracket:check-syntax:their-obligation-style-pref\0"
0 -1 1 #"\0"
1 0 -1 -1 -1 -1 -1 -1 0 0 0 0 0 0 0 0 0 1 1 1 0 116 0 0 0 0 -1 -1 2 48
#"drracket:check-syntax:unk-obligation-style-pref\0"
0 -1 1 #"\0"
1 0 -1 -1 -1 -1 -1 -1 0 0 0 0 0 0 0 0 0 1 1 1 0 0 0 0 0 0 -1 -1 2 1
#"\0"
0 -1 1 #"\0"
1 0 -1 -1 -1 -1 -1 -1 0 0 0 0 0 0 0 0 0 1 1 1 139 142 28 0 0 0 -1 -1 2
49 #"drracket:check-syntax:both-obligation-style-pref\0"
0 -1 1 #"\0"
1 0 -1 -1 -1 -1 -1 -1 0 0 0 0 0 0 0 0 0 1 1 1 139 142 28 0 0 0 -1 -1 2
26 #"plt:htdp:test-coverage-on\0"
0 -1 1 #"\0"
1 0 -1 -1 -1 -1 -1 -1 0 0 0 0 0 0 0 0 0 1 1 1 0 0 0 0 0 0 -1 -1 2 1
#"\0"
0 -1 1 #"\0"
1 0 -1 -1 -1 -1 -1 -1 0 0 0 0 0 1 0 0 0 0 0 0 255 165 0 0 0 0 -1 -1 2 27
#"plt:htdp:test-coverage-off\0"
0 -1 1 #"\0"
1 0 -1 -1 -1 -1 -1 -1 0 0 0 0 0 1 0 0 0 0 0 0 255 165 0 0 0 0 -1 -1 4 1
#"\0"
0 70 1 #"\0"
1.0 0 -1 -1 -1 -1 -1 -1 0 0 0 0 0 0 1.0 1.0 1.0 1.0 1.0 1.0 0 0 0 0 0 0
-1 -1 4 4 #"XML\0"
0 70 1 #"\0"
1.0 0 -1 -1 -1 -1 -1 -1 0 0 0 0 0 0 1.0 1.0 1.0 1.0 1.0 1.0 0 0 0 0 0 0
-1 -1 2 1 #"\0"
0 -1 1 #"\0"
1 0 -1 -1 -1 -1 -1 -1 0 0 0 0 0 0 0 0 0 1 1 1 34 139 34 0 0 0 -1 -1 2 37
#"plt:module-language:test-coverage-on\0"
0 -1 1 #"\0"
1 0 -1 -1 -1 -1 -1 -1 0 0 0 0 0 0 0 0 0 1 1 1 34 139 34 0 0 0 -1 -1 2 1
#"\0"
0 -1 1 #"\0"
1 0 -1 -1 -1 -1 -1 -1 0 0 0 0 0 0 0 0 0 1 1 1 176 48 96 0 0 0 -1 -1 2 38
#"plt:module-language:test-coverage-off\0"
0 -1 1 #"\0"
1 0 -1 -1 -1 -1 -1 -1 0 0 0 0 0 0 0 0 0 1 1 1 176 48 96 0 0 0 -1 -1 4 1
#"\0"
0 71 1 #"\0"
1.0 0 -1 -1 -1 -1 -1 -1 0 0 0 0 0 0 1.0 1.0 1.0 1.0 1.0 1.0 0 0 0 0 0 0
-1 -1 4 1 #"\0"
0 -1 1 #"\0"
1.0 0 -1 -1 -1 -1 -1 -1 1 0 0 0 0 0 0 0 0 1.0 1.0 1.0 0 0 255 0 0 0 -1
-1 4 1 #"\0"
0 71 1 #"\0"
1.0 0 -1 -1 -1 -1 -1 -1 1 0 0 0 0 0 0 0 0 1.0 1.0 1.0 0 0 255 0 0 0 -1
-1 4 1 #"\0"
0 71 1 #"\0"
1.0 0 -1 -1 -1 -1 -1 -1 0 0 0 0 0 0 0 0 0 1.0 1.0 1.0 0 100 0 0 0 0 -1
-1 2 1 #"\0"
0 -1 1 #"\0"
1 0 -1 -1 -1 -1 -1 -1 0 0 0 0 0 0 0 0 0 1 1 1 200 0 0 0 0 0 -1 -1
          0 446 0 26 3 12 #"#lang racket"
0 0 22 29 1 #"\n"
0 0 22 29 1 #"\n"
0 0 17 3 33 #";################################"
0 0 22 29 1 #"\n"
0 0 17 3 33 #";# Gestione eccezioni in scheme #"
0 0 22 29 1 #"\n"
0 0 17 3 33 #";################################"
0 0 22 29 1 #"\n"
0 0 22 29 1 #"\n"
0 0 17 3 42 #";pila contenente i gestori delle eccezioni"
0 0 22 29 1 #"\n"
0 0 22 3 1 #"("
0 0 15 3 6 #"define"
0 0 22 3 1 #" "
0 0 14 3 10 #"*handlers*"
0 0 22 3 2 #" ("
0 0 14 3 4 #"list"
0 0 22 3 2 #"))"
0 0 22 29 1 #"\n"
0 0 22 29 1 #"\n"
0 0 17 3 50 #";pila contenente le eccezioni che vogliamo gestire"
0 0 22 29 1 #"\n"
0 0 22 3 1 #"("
0 0 15 3 6 #"define"
0 0 22 3 1 #" "
0 0 14 3 12 #"*exceptions*"
0 0 22 3 2 #" ("
0 0 14 3 4 #"list"
0 0 22 3 2 #"))"
0 0 22 29 1 #"\n"
0 0 22 29 1 #"\n"
0 0 17 3 26 #";una push per gli handlers"
0 0 22 29 1 #"\n"
0 0 22 3 1 #"("
0 0 15 3 6 #"define"
0 0 22 3 2 #" ("
0 0 14 3 12 #"push-handler"
0 0 22 3 1 #" "
0 0 14 3 4 #"proc"
0 0 22 3 1 #")"
0 0 22 29 1 #"\n"
0 0 22 3 3 #"  ("
0 0 14 3 4 #"set!"
0 0 22 3 1 #" "
0 0 14 3 10 #"*handlers*"
0 0 22 3 2 #" ("
0 0 14 3 4 #"cons"
0 0 22 3 1 #" "
0 0 14 3 4 #"proc"
0 0 22 3 1 #" "
0 0 14 3 10 #"*handlers*"
0 0 22 3 3 #")))"
0 0 22 29 1 #"\n"
0 0 22 29 1 #"\n"
0 0 17 3 25 #";una pop per gli handlers"
0 0 22 29 1 #"\n"
0 0 22 3 1 #"("
0 0 15 3 6 #"define"
0 0 22 3 2 #" ("
0 0 14 3 11 #"pop-handler"
0 0 22 3 1 #")"
0 0 22 29 1 #"\n"
0 0 22 3 3 #"  ("
0 0 15 3 3 #"let"
0 0 22 3 3 #" (("
0 0 14 3 1 #"h"
0 0 22 3 2 #" ("
0 0 14 3 3 #"car"
0 0 22 3 1 #" "
0 0 14 3 10 #"*handlers*"
0 0 22 3 3 #")))"
0 0 22 29 1 #"\n"
0 0 22 3 5 #"    ("
0 0 14 3 4 #"set!"
0 0 22 3 1 #" "
0 0 14 3 10 #"*handlers*"
0 0 22 3 2 #" ("
0 0 14 3 3 #"cdr"
0 0 22 3 1 #" "
0 0 14 3 10 #"*handlers*"
0 0 22 3 2 #"))"
0 0 22 29 1 #"\n"
0 0 22 3 4 #"    "
0 0 14 3 1 #"h"
0 0 22 3 2 #"))"
0 0 22 29 1 #"\n"
0 0 22 29 1 #"\n"
0 0 17 3 26 #";una push per le eccezioni"
0 0 22 29 1 #"\n"
0 0 22 3 1 #"("
0 0 15 3 6 #"define"
0 0 22 3 2 #" ("
0 0 14 3 14 #"push-exception"
0 0 22 3 1 #" "
0 0 14 3 2 #"ex"
0 0 22 3 1 #")"
0 0 22 29 1 #"\n"
0 0 22 3 3 #"  ("
0 0 14 3 4 #"set!"
0 0 22 3 1 #" "
0 0 14 3 12 #"*exceptions*"
0 0 22 3 2 #" ("
0 0 14 3 4 #"cons"
0 0 22 3 1 #" "
0 0 14 3 2 #"ex"
0 0 22 3 1 #" "
0 0 14 3 12 #"*exceptions*"
0 0 22 3 3 #")))"
0 0 22 29 1 #"\n"
0 0 22 29 1 #"\n"
0 0 17 3 25 #";una pop per le eccezioni"
0 0 22 29 1 #"\n"
0 0 22 3 1 #"("
0 0 15 3 6 #"define"
0 0 22 3 2 #" ("
0 0 14 3 13 #"pop-exception"
0 0 22 3 1 #")"
0 0 22 29 1 #"\n"
0 0 22 3 3 #"  ("
0 0 15 3 3 #"let"
0 0 22 3 3 #" (("
0 0 14 3 1 #"e"
0 0 22 3 2 #" ("
0 0 14 3 3 #"car"
0 0 22 3 1 #" "
0 0 14 3 12 #"*exceptions*"
0 0 22 3 3 #")))"
0 0 22 29 1 #"\n"
0 0 22 3 5 #"    ("
0 0 14 3 4 #"set!"
0 0 22 3 1 #" "
0 0 14 3 12 #"*exceptions*"
0 0 22 3 2 #" ("
0 0 14 3 3 #"cdr"
0 0 22 3 1 #" "
0 0 14 3 12 #"*exceptions*"
0 0 22 3 2 #"))"
0 0 22 29 1 #"\n"
0 0 22 3 4 #"    "
0 0 14 3 1 #"e"
0 0 22 3 2 #"))"
0 0 22 29 1 #"\n"
0 0 22 29 1 #"\n"
0 0 17 3 60
#";funzioni ausiliarie per le liste *exceptions* e *handlers* "
0 0 22 29 1 #"\n"
0 0 22 3 1 #"("
0 0 15 3 6 #"define"
0 0 22 3 2 #" ("
0 0 14 3 14 #"more-handlers?"
0 0 22 3 3 #") ("
0 0 14 3 5 #"pair?"
0 0 22 3 1 #" "
0 0 14 3 10 #"*handlers*"
0 0 22 3 2 #"))"
0 0 22 29 1 #"\n"
0 0 22 29 1 #"\n"
0 0 22 3 1 #"("
0 0 15 3 6 #"define"
0 0 22 3 2 #" ("
0 0 14 3 16 #"more-exceptions?"
0 0 22 3 3 #") ("
0 0 14 3 5 #"pair?"
0 0 22 3 1 #" "
0 0 14 3 12 #"*exceptions*"
0 0 22 3 2 #"))"
0 0 22 29 1 #"\n"
0 0 22 29 1 #"\n"
0 0 17 3 114
(
 #";Percorre lo stack delle eccezioni e se ne trova una corrispondente "
 #"allora ritorna vero... in caso contrario falso"
) 0 0 22 29 1 #"\n"
0 0 17 3 127
(
 #";Il metodo lavora in modo da mantenere allineati *handlers* e *excep"
 #"tions*. Quando viene ritornato vero, dallo stack *handlers*"
) 0 0 22 29 1 #"\n"
0 0 17 3 127
(
 #";non viene prelevato l'handler corrispondente, e le due pile risulta"
 #"ranno sfasate di uno fino a quando nel throw corrispondente"
) 0 0 22 29 1 #"\n"
0 0 17 3 30 #";non viene poppato ed eseguito"
0 0 22 29 1 #"\n"
0 0 22 3 1 #"("
0 0 15 3 6 #"define"
0 0 22 3 2 #" ("
0 0 14 3 15 #"same-exception?"
0 0 22 3 1 #" "
0 0 14 3 2 #"ex"
0 0 22 3 1 #")"
0 0 22 29 1 #"\n"
0 0 22 3 5 #"    ("
0 0 14 3 2 #"if"
0 0 22 3 2 #" ("
0 0 14 3 3 #"not"
0 0 22 3 2 #" ("
0 0 14 3 16 #"more-exceptions?"
0 0 22 3 2 #"))"
0 0 22 29 1 #"\n"
0 0 22 3 8 #"        "
0 0 20 3 2 #"#F"
0 0 22 29 1 #"\n"
0 0 22 3 9 #"        ("
0 0 14 3 2 #"if"
0 0 22 3 2 #" ("
0 0 14 3 8 #"string=?"
0 0 22 3 1 #" "
0 0 14 3 2 #"ex"
0 0 22 3 2 #" ("
0 0 14 3 13 #"pop-exception"
0 0 22 3 2 #"))"
0 0 22 29 1 #"\n"
0 0 22 3 12 #"            "
0 0 20 3 2 #"#T"
0 0 22 3 1 #" "
0 0 17 3 106
(
 #"; nel caso si ritorni true, non viene poppato l'handler che verr\303"
 #"\240 successivamente preso e usato nel catch"
) 0 0 22 29 1 #"\n"
0 0 22 3 13 #"            ("
0 0 15 3 5 #"begin"
0 0 22 29 1 #"\n"
0 0 22 3 15 #"              ("
0 0 14 3 11 #"pop-handler"
0 0 22 3 1 #")"
0 0 22 29 1 #"\n"
0 0 22 3 15 #"              ("
0 0 14 3 15 #"same-exception?"
0 0 22 3 1 #" "
0 0 14 3 2 #"ex"
0 0 22 3 6 #"))))) "
0 0 17 3 84
(
 #";pop handler in quanto le due pile (handlers & exceptions) devono ri"
 #"manere allineate"
) 0 0 22 29 1 #"\n"
0 0 22 3 2 #"  "
0 0 22 29 1 #"\n"
0 0 17 3 64
#";_______________________________________________________________"
0 0 22 29 1 #"\n"
0 0 22 29 1 #"\n"
0 0 22 29 1 #"\n"
0 0 22 29 1 #"\n"
0 0 17 3 74
(
 #";Procedura che lancia un'eccezione (UNA SOLA) ed eventualmente la ge"
 #"stisce"
) 0 0 22 29 1 #"\n"
0 0 22 3 1 #"("
0 0 15 3 6 #"define"
0 0 22 3 2 #" ("
0 0 14 3 5 #"throw"
0 0 22 3 1 #" "
0 0 14 3 1 #"e"
0 0 22 3 1 #")"
0 0 22 29 1 #"\n"
0 0 22 3 3 #"  ("
0 0 14 3 2 #"if"
0 0 22 3 2 #" ("
0 0 14 3 15 #"same-exception?"
0 0 22 3 1 #" "
0 0 14 3 1 #"e"
0 0 22 3 1 #")"
0 0 22 29 1 #"\n"
0 0 22 3 8 #"      (("
0 0 14 3 11 #"pop-handler"
0 0 22 3 5 #"))   "
0 0 17 3 81
(
 #";alla prima occorrenza della stessa eccezione trovata ne viene esegu"
 #"ito l'handler"
) 0 0 22 29 1 #"\n"
0 0 22 3 7 #"      ("
0 0 14 3 5 #"error"
0 0 22 3 2 #" ("
0 0 14 3 13 #"string-append"
0 0 22 3 1 #" "
0 0 19 3 20 #"\"non hai gestito l'\""
0 0 22 3 1 #" "
0 0 14 3 1 #"e"
0 0 22 3 5 #")))) "
0 0 17 3 71
(
 #";se non ci sono eccezzioni dello stesso tipo in pila si avr\303\240 "
 #"un errore"
) 0 0 22 29 1 #"\n"
0 0 22 29 1 #"\n"
0 0 17 3 22 #";Definizione del catch"
0 0 22 29 1 #"\n"
0 0 22 3 1 #"("
0 0 15 3 13 #"define-syntax"
0 0 22 3 1 #" "
0 0 15 3 5 #"catch"
0 0 22 29 1 #"\n"
0 0 22 3 3 #"  ("
0 0 15 3 12 #"syntax-rules"
0 0 22 3 3 #" ()"
0 0 22 29 1 #"\n"
0 0 22 3 6 #"    (("
0 0 14 3 1 #"_"
0 0 22 3 1 #" "
0 0 14 3 9 #"exception"
0 0 22 3 1 #" "
0 0 14 3 7 #"handler"
0 0 22 3 1 #" "
0 0 14 3 4 #"exp1"
0 0 22 3 1 #" "
0 0 14 3 3 #"..."
0 0 22 3 1 #")"
0 0 22 29 1 #"\n"
0 0 22 3 6 #"     ("
0 0 14 3 7 #"call/cc"
0 0 22 3 2 #" ("
0 0 15 3 6 #"lambda"
0 0 22 3 2 #" ("
0 0 14 3 4 #"exit"
0 0 22 3 1 #")"
0 0 22 29 1 #"\n"
0 0 22 3 17 #"                ("
0 0 14 3 14 #"push-exception"
0 0 22 3 1 #" "
0 0 14 3 9 #"exception"
0 0 22 3 1 #")"
0 0 22 29 1 #"\n"
0 0 22 3 17 #"                ("
0 0 14 3 12 #"push-handler"
0 0 22 3 2 #" ("
0 0 15 3 6 #"lambda"
0 0 22 3 3 #" ()"
0 0 22 29 1 #"\n"
0 0 22 3 33 #"                                ("
0 0 14 3 4 #"exit"
0 0 22 3 1 #" "
0 0 14 3 7 #"handler"
0 0 22 3 3 #")))"
0 0 22 29 1 #"\n"
0 0 22 3 17 #"                ("
0 0 15 3 3 #"let"
0 0 22 3 3 #" (("
0 0 14 3 3 #"res"
0 0 22 29 1 #"\n"
0 0 22 3 24 #"                       ("
0 0 15 3 5 #"begin"
0 0 22 3 1 #" "
0 0 14 3 4 #"exp1"
0 0 22 3 1 #" "
0 0 14 3 3 #"..."
0 0 22 3 3 #")))"
0 0 22 29 1 #"\n"
0 0 22 3 19 #"                  ("
0 0 14 3 11 #"pop-handler"
0 0 22 3 1 #")"
0 0 22 29 1 #"\n"
0 0 22 3 19 #"                  ("
0 0 14 3 13 #"pop-exception"
0 0 22 3 1 #")"
0 0 22 29 1 #"\n"
0 0 22 3 18 #"                  "
0 0 14 3 3 #"res"
0 0 22 3 6 #"))))))"
0 0 22 29 1 #"\n"
0 0 22 29 1 #"\n"
0 0 17 3 20 #";Esempio di utilizzo"
0 0 22 29 1 #"\n"
0 0 22 3 1 #"("
0 0 15 3 6 #"define"
0 0 22 3 2 #" ("
0 0 14 3 3 #"foo"
0 0 22 3 1 #" "
0 0 14 3 1 #"x"
0 0 22 3 1 #")"
0 0 22 29 1 #"\n"
0 0 22 3 3 #"  ("
0 0 14 3 7 #"display"
0 0 22 3 1 #" "
0 0 14 3 1 #"x"
0 0 22 3 3 #") ("
0 0 14 3 7 #"newline"
0 0 22 3 1 #")"
0 0 22 29 1 #"\n"
0 0 22 3 3 #"  ("
0 0 14 3 5 #"throw"
0 0 22 3 1 #" "
0 0 19 3 12 #"\"eccezione_1"
0 0 19 3 1 #"\""
0 0 22 3 2 #"))"
0 0 22 29 1 #"\n"
0 0 22 29 1 #"\n"
0 0 22 3 1 #"("
0 0 15 3 5 #"catch"
0 0 22 3 1 #" "
0 0 19 3 12 #"\"eccezione_1"
0 0 19 3 1 #"\""
0 0 22 3 2 #" ("
0 0 14 3 7 #"display"
0 0 22 3 1 #" "
0 0 19 3 1 #"\""
0 0 19 3 5 #"presa"
0 0 19 3 12 #" eccezione_1"
0 0 19 3 1 #"\""
0 0 22 3 2 #") "
0 0 22 29 1 #"\n"
0 0 22 3 2 #"  "
0 0 22 29 1 #"\n"
0 0 22 3 2 #"  "
0 0 22 29 1 #"\n"
0 0 22 3 3 #"  ("
0 0 15 3 5 #"catch"
0 0 22 3 1 #" "
0 0 19 3 13 #"\"eccezione_2\""
0 0 22 3 2 #" ("
0 0 14 3 7 #"display"
0 0 22 3 1 #" "
0 0 19 3 19 #"\"prese eccezione_2\""
0 0 22 3 1 #")"
0 0 22 29 1 #"\n"
0 0 22 3 5 #"    ("
0 0 14 3 7 #"display"
0 0 22 3 1 #" "
0 0 19 3 16 #"\"prima di foo\\n\""
0 0 22 3 1 #")"
0 0 22 29 1 #"\n"
0 0 22 3 5 #"    ("
0 0 14 3 3 #"foo"
0 0 22 3 1 #" "
0 0 19 3 10 #"\"CIAO!!\\n\""
0 0 22 3 2 #"))"
0 0 22 29 1 #"\n"
0 0 22 3 2 #"  "
0 0 22 29 1 #"\n"
0 0 22 3 3 #"  ("
0 0 14 3 7 #"display"
0 0 22 3 1 #" "
0 0 19 3 1 #"\""
0 0 19 3 4 #"dopo"
0 0 19 3 1 #" "
0 0 19 3 4 #"foo\""
0 0 22 3 2 #") "
0 0 17 3 18 #";non raggiungibile"
0 0 22 29 1 #"\n"
0 0 22 3 3 #"  )"
0 0 22 29 1 #"\n"
0 0 22 3 11 #"           "
0 0 22 29 1 #"\n"
0 0 22 3 2 #"  "
0 0 22 29 1 #"\n"
0 0 22 3 2 #"  "
0 0 22 29 1 #"\n"
0 0 22 3 2 #"  "
0 0 22 29 1 #"\n"
0 0 22 3 2 #"  "
0 0 22 29 1 #"\n"
0 0 22 3 4 #"    "
0 0 22 29 1 #"\n"
0 0 22 3 2 #"  "
0 0 22 29 1 #"\n"
0 0 22 3 2 #"  "
0 0 22 29 1 #"\n"
0 0 22 3 2 #"  "
0 0 22 29 1 #"\n"
0 0 22 3 2 #"  "
0 0 22 29 1 #"\n"
0 0 22 3 2 #"  "
0 0 22 29 1 #"\n"
0 0 22 3 2 #"  "
0 0 22 29 1 #"\n"
0 0 22 29 1 #"\n"
0           0
